m21026_251212_225317/100077070/ccs	270413	10753	281166
m21026_251212_225317/100013555/ccs	267436	11867	279303
m21026_251212_225317/100013684/ccs	262900	10506	273406
m21026_251212_225317/100078949/ccs	259195	262600	3405
m21026_251212_225317/100078413/ccs	259061	1599	260660
m21026_251212_225317/100013609/ccs	256129	256914	785
m21026_251212_225317/100142800/ccs	255027	14927	269954
m21026_251212_225317/100143635/ccs	253898	258064	4166
m21026_251212_225317/100012266/ccs	253844	257984	4140
m21026_251212_225317/100143949/ccs	253597	21769	275366
m21026_251212_225317/100012794/ccs	252936	260389	7453
m21026_251212_225317/100143595/ccs	252057	20468	272525
m21026_251212_225317/100078012/ccs	251391	18477	269868
m21026_251212_225317/100078915/ccs	249673	255619	5946
m21026_251212_225317/100011272/ccs	248826	18661	267487
m21026_251212_225317/100012140/ccs	246181	21350	267531
m21026_251212_225317/100143082/ccs	245278	18833	264111
m21026_251212_225317/100077513/ccs	242654	282252	39598
m21026_251212_225317/100078540/ccs	242547	286344	43797
m21026_251212_225317/100079411/ccs	239865	10179	250044
m21026_251212_225317/100144519/ccs	239798	19642	259440
m21026_251212_225317/100011897/ccs	239455	19132	258587
m21026_251212_225317/100076742/ccs	236929	282255	45326
m21026_251212_225317/100144576/ccs	234182	271746	37564
m21026_251212_225317/100076988/ccs	233747	269254	35507
m21026_251212_225317/100012796/ccs	233679	264823	31144
m21026_251212_225317/100012885/ccs	229996	11926	241922
m21026_251212_225317/100144403/ccs	228612	271132	42520
m21026_251212_225317/100079213/ccs	227322	265637	38315
m21026_251212_225317/100076845/ccs	226833	12259	239092
m21026_251212_225317/100011896/ccs	226438	263780	37342
m21026_251212_225317/100012010/ccs	226048	272587	46539
m21026_251212_225317/100144547/ccs	224336	280157	55821
m21026_251212_225317/100079133/ccs	224325	264194	39869
m21026_251212_225317/100142193/ccs	224048	250052	26004
m21026_251212_225317/100077981/ccs	223390	10097	233487
m21026_251212_225317/100143137/ccs	223249	272441	49192
m21026_251212_225317/100078360/ccs	220656	272355	51699
m21026_251212_225317/100012592/ccs	220325	252315	31990
m21026_251212_225317/100012131/ccs	218777	254237	35460
m21026_251212_225317/100013833/ccs	217983	227144	9161
m21026_251212_225317/100011996/ccs	217716	247182	29466
m21026_251212_225317/100013821/ccs	217203	22460	239663
m21026_251212_225317/100142537/ccs	216788	219693	2905
m21026_251212_225317/100013315/ccs	216279	269680	53401
m21026_251212_225317/100013414/ccs	215991	258993	43002
m21026_251212_225317/100012724/ccs	215149	244911	29762
m21026_251212_225317/100012874/ccs	214789	272655	57866
m21026_251212_225317/100143609/ccs	214324	240766	26442
m21026_251212_225317/100011604/ccs	213807	20049	233856
m21026_251212_225317/100143102/ccs	212956	270846	57890
m21026_251212_225317/100079318/ccs	212751	218647	5896
m21026_251212_225317/100076878/ccs	211959	253832	41873
m21026_251212_225317/100143165/ccs	210854	213015	2161
m21026_251212_225317/100011034/ccs	209961	212829	2868
m21026_251212_225317/100012801/ccs	209249	257539	48290
m21026_251212_225317/100077695/ccs	208264	264708	56444
m21026_251212_225317/100144153/ccs	207151	14744	221895
m21026_251212_225317/100011011/ccs	206626	212456	5830
m21026_251212_225317/100142371/ccs	205277	263948	58671
m21026_251212_225317/100143591/ccs	204887	253926	49039
m21026_251212_225317/100013234/ccs	204420	238153	33733
m21026_251212_225317/100078754/ccs	202765	243279	40514
m21026_251212_225317/100077158/ccs	202545	227299	24754
m21026_251212_225317/100143171/ccs	202482	228248	25766
m21026_251212_225317/100012863/ccs	201979	269020	67041
m21026_251212_225317/100012888/ccs	201972	240398	38426
m21026_251212_225317/100079394/ccs	201773	242663	40890
m21026_251212_225317/100013474/ccs	200913	240668	39755
m21026_251212_225317/100078938/ccs	200289	271926	71637
m21026_251212_225317/100079425/ccs	198898	227869	28971
m21026_251212_225317/100143207/ccs	196908	280163	83255
m21026_251212_225317/100144417/ccs	196721	197191	470
m21026_251212_225317/100079007/ccs	195872	14155	210027
m21026_251212_225317/100012584/ccs	195826	259295	63469
m21026_251212_225317/100144159/ccs	195707	244557	48850
m21026_251212_225317/100012054/ccs	193050	277801	84751
m21026_251212_225317/100076586/ccs	189949	219591	29642
m21026_251212_225317/100012619/ccs	189731	214633	24902
m21026_251212_225317/100011760/ccs	188733	262256	73523
m21026_251212_225317/100143872/ccs	188439	232303	43864
m21026_251212_225317/100012250/ccs	186767	219107	32340
m21026_251212_225317/100013138/ccs	186764	210590	23826
m21026_251212_225317/100079532/ccs	186506	278024	91518
m21026_251212_225317/100078428/ccs	185855	229579	43724
m21026_251212_225317/100142762/ccs	185206	257612	72406
m21026_251212_225317/100013118/ccs	184581	221960	37379
m21026_251212_225317/100011362/ccs	184538	13424	197962
m21026_251212_225317/100078490/ccs	183881	15894	199775
m21026_251212_225317/100078485/ccs	183343	233766	50423
m21026_251212_225317/100079122/ccs	183311	251964	68653
m21026_251212_225317/100143156/ccs	183308	239564	56256
m21026_251212_225317/100143425/ccs	182597	274473	91876
m21026_251212_225317/100078375/ccs	182327	272725	90398
m21026_251212_225317/100142837/ccs	182026	182315	289
m21026_251212_225317/100013907/ccs	181954	260062	78108
m21026_251212_225317/100143793/ccs	181684	239602	57918
m21026_251212_225317/100077972/ccs	181576	237605	56029
m21026_251212_225317/100143032/ccs	180977	274381	93404
m21026_251212_225317/100077993/ccs	179393	239293	59900
m21026_251212_225317/100078785/ccs	179211	240370	61159
m21026_251212_225317/100076667/ccs	178229	257271	79042
m21026_251212_225317/100144364/ccs	177910	262503	84593
m21026_251212_225317/100143963/ccs	177210	224820	47610
m21026_251212_225317/100078307/ccs	176841	225576	48735
m21026_251212_225317/100078082/ccs	176470	232152	55682
m21026_251212_225317/100011905/ccs	176310	211291	34981
m21026_251212_225317/100079259/ccs	175772	217630	41858
m21026_251212_225317/100011021/ccs	174441	100637	275078
m21026_251212_225317/100012280/ccs	173711	205069	31358
m21026_251212_225317/100078269/ccs	173389	194562	21173
m21026_251212_225317/100079178/ccs	172182	226273	54091
m21026_251212_225317/100013488/ccs	171468	181148	9680
m21026_251212_225317/100079233/ccs	171314	111121	282435
m21026_251212_225317/100077147/ccs	171062	178319	7257
m21026_251212_225317/100077165/ccs	168729	246550	77821
m21026_251212_225317/100144636/ccs	168300	198934	30634
m21026_251212_225317/100012263/ccs	168282	263170	94888
m21026_251212_225317/100013407/ccs	168169	245233	77064
m21026_251212_225317/100079303/ccs	167585	207753	40168
m21026_251212_225317/100013014/ccs	166628	262106	95478
m21026_251212_225317/100013382/ccs	166580	236047	69467
m21026_251212_225317/100077026/ccs	165570	115253	280823
m21026_251212_225317/100077310/ccs	164968	15392	180360
m21026_251212_225317/100079016/ccs	164603	195268	30665
m21026_251212_225317/100143798/ccs	164120	206692	42572
m21026_251212_225317/100144585/ccs	163592	259679	96087
m21026_251212_225317/100143180/ccs	163446	183911	20465
m21026_251212_225317/100077333/ccs	163166	199901	36735
m21026_251212_225317/100143900/ccs	162399	181943	19544
m21026_251212_225317/100078031/ccs	161964	113025	274989
m21026_251212_225317/100011233/ccs	161481	189572	28091
m21026_251212_225317/100076768/ccs	161092	210704	49612
m21026_251212_225317/100076726/ccs	159268	227519	68251
m21026_251212_225317/100076580/ccs	158877	208247	49370
m21026_251212_225317/100012628/ccs	158869	234560	75691
m21026_251212_225317/100143084/ccs	158785	245775	86990
m21026_251212_225317/100143735/ccs	158297	243447	85150
m21026_251212_225317/100142981/ccs	158202	109350	267552
m21026_251212_225317/100077242/ccs	158019	128556	286575
m21026_251212_225317/100077430/ccs	157567	227083	69516
m21026_251212_225317/100011582/ccs	157563	209610	52047
m21026_251212_225317/100076563/ccs	157362	247338	89976
m21026_251212_225317/100011119/ccs	156731	119202	275933
m21026_251212_225317/100013651/ccs	156720	128602	285322
m21026_251212_225317/100076962/ccs	156452	202707	46255
m21026_251212_225317/100078683/ccs	156167	180848	24681
m21026_251212_225317/100012579/ccs	155874	190661	34787
m21026_251212_225317/100076763/ccs	155544	246804	91260
m21026_251212_225317/100013503/ccs	155059	177763	22704
m21026_251212_225317/100078448/ccs	154544	253084	98540
m21026_251212_225317/100144149/ccs	153751	186699	32948
m21026_251212_225317/100143870/ccs	153656	219642	65986
m21026_251212_225317/100013896/ccs	152704	124539	277243
m21026_251212_225317/100013260/ccs	152287	223131	70844
m21026_251212_225317/100142936/ccs	152110	161662	9552
m21026_251212_225317/100078841/ccs	151825	130876	282701
m21026_251212_225317/100012032/ccs	151797	155883	4086
m21026_251212_225317/100079375/ccs	151728	214606	62878
m21026_251212_225317/100012614/ccs	151599	124605	276204
m21026_251212_225317/100011296/ccs	151500	102971	254471
m21026_251212_225317/100077320/ccs	151333	180248	28915
m21026_251212_225317/100012671/ccs	150267	232587	82320
m21026_251212_225317/100142498/ccs	150242	232521	82279
m21026_251212_225317/100011030/ccs	149914	111434	261348
m21026_251212_225317/100078544/ccs	149585	185232	35647
m21026_251212_225317/100013143/ccs	149449	123996	273445
m21026_251212_225317/100011842/ccs	148904	168299	19395
m21026_251212_225317/100011141/ccs	147951	240452	92501
m21026_251212_225317/100143700/ccs	147890	207094	59204
m21026_251212_225317/100013246/ccs	147268	201571	54303
m21026_251212_225317/100078075/ccs	147129	124217	271346
m21026_251212_225317/100012682/ccs	147119	189655	42536
m21026_251212_225317/100077005/ccs	146329	122244	268573
m21026_251212_225317/100011531/ccs	146134	183922	37788
m21026_251212_225317/100078571/ccs	145551	218085	72534
m21026_251212_225317/100142578/ccs	144219	183125	38906
m21026_251212_225317/100011043/ccs	144170	191811	47641
m21026_251212_225317/100013016/ccs	143785	197083	53298
m21026_251212_225317/100012997/ccs	140807	180519	39712
m21026_251212_225317/100078657/ccs	139957	115133	255090
m21026_251212_225317/100142453/ccs	138685	228769	90084
m21026_251212_225317/100011727/ccs	137892	173096	35204
m21026_251212_225317/100142221/ccs	137101	200557	63456
m21026_251212_225317/100013573/ccs	136795	142070	278865
m21026_251212_225317/100077922/ccs	136736	152099	15363
m21026_251212_225317/100079504/ccs	136684	158840	22156
m21026_251212_225317/100077684/ccs	135825	197111	61286
m21026_251212_225317/100143811/ccs	135732	220505	84773
m21026_251212_225317/100011681/ccs	135506	211389	75883
m21026_251212_225317/100079118/ccs	134973	230911	95938
m21026_251212_225317/100078008/ccs	134799	233595	98796
m21026_251212_225317/100142716/ccs	134636	206170	71534
m21026_251212_225317/100144422/ccs	134545	169678	35133
m21026_251212_225317/100076937/ccs	134532	209588	75056
m21026_251212_225317/100011305/ccs	133922	147447	281369
m21026_251212_225317/100142744/ccs	133898	135892	269790
m21026_251212_225317/100142710/ccs	133392	129256	262648
m21026_251212_225317/100076847/ccs	132994	188951	55957
m21026_251212_225317/100078406/ccs	132960	167571	34611
m21026_251212_225317/100144440/ccs	132334	100135	232469
m21026_251212_225317/100013326/ccs	132243	109980	242223
m21026_251212_225317/100142163/ccs	132187	122144	254331
m21026_251212_225317/100077383/ccs	131437	121993	253430
m21026_251212_225317/100012610/ccs	131010	135764	266774
m21026_251212_225317/100008961/ccs	129953	864968	994921
m21026_251212_225317/100142167/ccs	129425	130419	994
m21026_251212_225317/100011591/ccs	127937	175843	47906
m21026_251212_225317/100013467/ccs	127874	188695	60821
m21026_251212_225317/100011396/ccs	127290	145178	272468
m21026_251212_225317/100079280/ccs	126744	158549	285293
m21026_251212_225317/100012006/ccs	126301	190329	64028
m21026_251212_225317/100144258/ccs	126275	208817	82542
m21026_251212_225317/100142783/ccs	126195	124002	250197
m21026_251212_225317/100078520/ccs	125891	143368	269259
m21026_251212_225317/100013019/ccs	125812	107171	232983
m21026_251212_225317/100011856/ccs	125653	125920	251573
m21026_251212_225317/100144302/ccs	124307	154840	30533
m21026_251212_225317/100142881/ccs	123772	138454	262226
m21026_251212_225317/100011801/ccs	123542	143717	267259
m21026_251212_225317/100143656/ccs	123459	209692	86233
m21026_251212_225317/100011171/ccs	122946	166904	43958
m21026_251212_225317/100077962/ccs	122234	133902	256136
m21026_251212_225317/100012232/ccs	122190	143831	21641
m21026_251212_225317/100013332/ccs	122078	200552	78474
m21026_251212_225317/100012311/ccs	121698	146890	25192
m21026_251212_225317/100013257/ccs	121591	130809	9218
m21026_251212_225317/100011222/ccs	121471	153858	32387
m21026_251212_225317/100076935/ccs	120417	183833	63416
m21026_251212_225317/100077844/ccs	120244	193460	73216
m21026_251212_225317/100079168/ccs	119953	204569	84616
m21026_251212_225317/100142124/ccs	119547	210426	90879
m21026_251212_225317/100013282/ccs	119459	207677	88218
m21026_251212_225317/100076626/ccs	118686	127455	246141
m21026_251212_225317/100142449/ccs	118440	129321	247761
m21026_251212_225317/100142856/ccs	118330	182204	63874
m21026_251212_225317/100013223/ccs	118266	106737	225003
m21026_251212_225317/100076545/ccs	118100	194413	76313
m21026_251212_225317/100142266/ccs	117600	134521	252121
m21026_251212_225317/100076973/ccs	117303	119128	236431
m21026_251212_225317/100079247/ccs	117235	113845	231080
m21026_251212_225317/100143368/ccs	117212	130835	248047
m21026_251212_225317/100013193/ccs	117096	120760	3664
m21026_251212_225317/100077407/ccs	116652	154615	37963
m21026_251212_225317/100074497/ccs	116410	873527	989937
m21026_251212_225317/100078882/ccs	115809	181815	66006
m21026_251212_225317/100078836/ccs	115081	189309	74228
m21026_251212_225317/100013154/ccs	115024	162552	47528
m21026_251212_225317/100143057/ccs	114920	213846	98926
m21026_251212_225317/100143407/ccs	114575	167512	52937
m21026_251212_225317/100079157/ccs	114185	140099	25914
m21026_251212_225317/100013875/ccs	114124	157898	43774
m21026_251212_225317/100142941/ccs	113146	203581	90435
m21026_251212_225317/100143612/ccs	112809	140568	27759
m21026_251212_225317/100142972/ccs	111657	181978	70321
m21026_251212_225317/100013660/ccs	111411	139694	251105
m21026_251212_225317/100078727/ccs	110855	154802	43947
m21026_251212_225317/100077036/ccs	110593	157336	46743
m21026_251212_225317/100078720/ccs	110082	150918	261000
m21026_251212_225317/100142295/ccs	109941	11507	121448
m21026_251212_225317/100010815/ccs	109939	868525	978464
m21026_251212_225317/100143937/ccs	109251	127383	18132
m21026_251212_225317/100079076/ccs	108531	103764	212295
m21026_251212_225317/100144011/ccs	108391	108846	455
m21026_251212_225317/100013689/ccs	108336	169810	61474
m21026_251212_225317/100078579/ccs	107654	153865	46211
m21026_251212_225317/100143023/ccs	107624	168887	61263
m21026_251212_225317/100078654/ccs	106312	113027	219339
m21026_251212_225317/100076830/ccs	106263	135848	29585
m21026_251212_225317/100076688/ccs	106182	136021	29839
m21026_251212_225317/100078820/ccs	106108	157228	51120
m21026_251212_225317/100079085/ccs	105857	112775	6918
m21026_251212_225317/100143934/ccs	105717	172682	66965
m21026_251212_225317/100079416/ccs	105632	136039	30407
m21026_251212_225317/100076501/ccs	104613	881551	986164
m21026_251212_225317/100143578/ccs	104007	191113	87106
m21026_251212_225317/100143654/ccs	102576	170762	68186
m21026_251212_225317/100011150/ccs	101835	154806	52971
m21026_251212_225317/100012495/ccs	100107	168491	68384
m21026_251212_225317/100144039/ccs	99997	111316	211313
m21026_251212_225317/100074776/ccs	99032	872669	971701
m21026_251212_225317/100143074/ccs	97720	114266	211986
m21026_251212_225317/100013713/ccs	97525	103910	201435
m21026_251212_225317/100078950/ccs	97455	137828	235283
m21026_251212_225317/100077575/ccs	97443	148153	50710
m21026_251212_225317/100142081/ccs	97038	146291	243329
m21026_251212_225317/100012807/ccs	96559	170814	74255
m21026_251212_225317/100144099/ccs	96475	101982	5507
m21026_251212_225317/100012378/ccs	96022	110936	14914
m21026_251212_225317/100077330/ccs	95058	118332	23274
m21026_251212_225317/100076911/ccs	94849	187773	92924
m21026_251212_225317/100079333/ccs	94374	119462	213836
m21026_251212_225317/100011401/ccs	93348	144177	237525
m21026_251212_225317/100078560/ccs	93073	112117	19044
m21026_251212_225317/100142824/ccs	92674	170908	263582
m21026_251212_225317/100144311/ccs	92559	143248	235807
m21026_251212_225317/100144282/ccs	92034	164245	256279
m21026_251212_225317/100139220/ccs	91714	871898	963612
m21026_251212_225317/100143971/ccs	91492	109637	18145
m21026_251212_225317/100144029/ccs	91258	143890	235148
m21026_251212_225317/100011463/ccs	91004	122874	31870
m21026_251212_225317/100078297/ccs	90999	172104	81105
m21026_251212_225317/100142461/ccs	90194	149866	240060
m21026_251212_225317/100141439/ccs	89653	871749	961402
m21026_251212_225317/100012050/ccs	89007	153111	242118
m21026_251212_225317/100076628/ccs	88907	119741	30834
m21026_251212_225317/100076909/ccs	88248	105428	193676
m21026_251212_225317/100013581/ccs	88046	163246	251292
m21026_251212_225317/100144154/ccs	87930	131165	219095
m21026_251212_225317/100144599/ccs	87883	149040	236923
m21026_251212_225317/100076572/ccs	87086	105222	192308
m21026_251212_225317/100011953/ccs	86505	138136	224641
m21026_251212_225317/100012065/ccs	85496	164190	78694
m21026_251212_225317/100144598/ccs	85334	3936	89270
m21026_251212_225317/100077520/ccs	85167	139286	224453
m21026_251212_225317/100079264/ccs	84833	199023	283856
m21026_251212_225317/100076807/ccs	84827	179397	264224
m21026_251212_225317/100078805/ccs	84613	170681	255294
m21026_251212_225317/100077679/ccs	84573	8285	92858
m21026_251212_225317/100077766/ccs	83176	112430	29254
m21026_251212_225317/100077253/ccs	82911	143408	226319
m21026_251212_225317/100077042/ccs	82658	150307	232965
m21026_251212_225317/100077087/ccs	82416	160965	78549
m21026_251212_225317/100011546/ccs	82153	170097	87944
m21026_251212_225317/100142307/ccs	81975	151475	69500
m21026_251212_225317/100011518/ccs	81087	133919	215006
m21026_251212_225317/100010273/ccs	80889	906472	987361
m21026_251212_225317/100140013/ccs	80552	919422	999974
m21026_251212_225317/100143127/ccs	80402	131886	51484
m21026_251212_225317/100013958/ccs	79698	130190	209888
m21026_251212_225317/100010384/ccs	79694	887050	966744
m21026_251212_225317/100013772/ccs	79637	154921	75284
m21026_251212_225317/100011227/ccs	79332	202063	281395
m21026_251212_225317/100077465/ccs	79208	130457	209665
m21026_251212_225317/100078263/ccs	78881	154192	75311
m21026_251212_225317/100079407/ccs	78832	6550	85382
m21026_251212_225317/100013851/ccs	78825	102564	181389
m21026_251212_225317/100078014/ccs	78475	104490	182965
m21026_251212_225317/100077912/ccs	78125	128297	50172
m21026_251212_225317/100013259/ccs	77968	130409	208377
m21026_251212_225317/100078815/ccs	77559	211100	288659
m21026_251212_225317/100013486/ccs	77477	176758	254235
m21026_251212_225317/100012631/ccs	77456	124520	201976
m21026_251212_225317/100144511/ccs	77364	162022	239386
m21026_251212_225317/100013734/ccs	77138	107291	184429
m21026_251212_225317/100076715/ccs	77069	121195	198264
m21026_251212_225317/100010485/ccs	77052	868710	945762
m21026_251212_225317/100012621/ccs	77033	170267	247300
m21026_251212_225317/100011391/ccs	76749	102387	25638
m21026_251212_225317/100142700/ccs	76553	140670	64117
m21026_251212_225317/100144229/ccs	76030	205802	281832
m21026_251212_225317/100012438/ccs	75559	125550	49991
m21026_251212_225317/100143011/ccs	75138	125044	200182
m21026_251212_225317/100012740/ccs	74916	188593	263509
m21026_251212_225317/100077997/ccs	74574	196541	271115
m21026_251212_225317/100011116/ccs	74246	11432	85678
m21026_251212_225317/100077192/ccs	74230	121205	195435
m21026_251212_225317/100143686/ccs	73911	152672	226583
m21026_251212_225317/100013345/ccs	73579	135888	209467
m21026_251212_225317/100143858/ccs	73342	103105	176447
m21026_251212_225317/100079106/ccs	72411	154992	227403
m21026_251212_225317/100078737/ccs	72217	121164	48947
m21026_251212_225317/100077419/ccs	72171	124558	196729
m21026_251212_225317/100078585/ccs	72111	214337	286448
m21026_251212_225317/100073704/ccs	71986	909237	981223
m21026_251212_225317/100143297/ccs	71373	153760	82387
m21026_251212_225317/100012154/ccs	71354	105395	176749
m21026_251212_225317/100142306/ccs	71321	5708	77029
m21026_251212_225317/100077097/ccs	70968	128527	199495
m21026_251212_225317/100078966/ccs	70706	213156	283862
m21026_251212_225317/100142976/ccs	70621	169579	240200
m21026_251212_225317/100013162/ccs	70421	184591	255012
m21026_251212_225317/100144590/ccs	70232	182274	252506
m21026_251212_225317/100013938/ccs	70218	212810	283028
m21026_251212_225317/100143402/ccs	70136	13568	83704
m21026_251212_225317/100077569/ccs	69650	165440	95790
m21026_251212_225317/100078924/ccs	69596	196381	265977
m21026_251212_225317/100077924/ccs	69581	145033	75452
m21026_251212_225317/100076647/ccs	69491	119670	189161
m21026_251212_225317/100079311/ccs	69134	192056	261190
m21026_251212_225317/100076764/ccs	68646	125853	57207
m21026_251212_225317/100011159/ccs	68034	27258	95292
m21026_251212_225317/100140215/ccs	67920	919366	987286
m21026_251212_225317/100143682/ccs	67440	212908	280348
m21026_251212_225317/100008223/ccs	67240	917070	984310
m21026_251212_225317/100142957/ccs	67225	167313	234538
m21026_251212_225317/100079200/ccs	66942	158710	225652
m21026_251212_225317/100078078/ccs	66669	117452	50783
m21026_251212_225317/100077467/ccs	66525	5192	71717
m21026_251212_225317/100078073/ccs	66522	179578	246100
m21026_251212_225317/100142785/ccs	66475	163787	97312
m21026_251212_225317/100012940/ccs	66412	157347	90935
m21026_251212_225317/100010895/ccs	65913	919367	985280
m21026_251212_225317/100140746/ccs	65877	889913	955790
m21026_251212_225317/100079364/ccs	65772	117395	183167
m21026_251212_225317/100011087/ccs	65752	102833	168585
m21026_251212_225317/100078160/ccs	65695	109794	175489
m21026_251212_225317/100076744/ccs	65355	170866	236221
m21026_251212_225317/100013931/ccs	64360	10454	74814
m21026_251212_225317/100011977/ccs	64228	186020	250248
m21026_251212_225317/100013476/ccs	63672	32106	95778
m21026_251212_225317/100013727/ccs	63274	105750	169024
m21026_251212_225317/100077496/ccs	63103	156814	219917
m21026_251212_225317/100142373/ccs	63089	165189	228278
m21026_251212_225317/100143339/ccs	61804	170912	232716
m21026_251212_225317/100142770/ccs	61652	107064	45412
m21026_251212_225317/100077509/ccs	61498	141273	202771
m21026_251212_225317/100077522/ccs	61443	106899	168342
m21026_251212_225317/100079554/ccs	60647	165200	225847
m21026_251212_225317/100011970/ccs	60278	194448	254726
m21026_251212_225317/100013815/ccs	60214	152298	212512
m21026_251212_225317/100078607/ccs	60140	157017	96877
m21026_251212_225317/100078743/ccs	60003	36626	96629
m21026_251212_225317/100143894/ccs	59688	10667	70355
m21026_251212_225317/100142319/ccs	59536	1283	60819
m21026_251212_225317/100012976/ccs	59348	128924	188272
m21026_251212_225317/100010001/ccs	59239	887310	946549
m21026_251212_225317/100142813/ccs	59090	33407	92497
m21026_251212_225317/100076915/ccs	58723	29823	88546
m21026_251212_225317/100142436/ccs	58639	115353	56714
m21026_251212_225317/100079047/ccs	58484	108723	50239
m21026_251212_225317/100144128/ccs	58414	36157	94571
m21026_251212_225317/100011356/ccs	57810	102021	44211
m21026_251212_225317/100011940/ccs	57773	196180	253953
m21026_251212_225317/100143354/ccs	57727	177632	235359
m21026_251212_225317/100012229/ccs	57204	225552	282756
m21026_251212_225317/100079378/ccs	57201	225553	282754
m21026_251212_225317/100079302/ccs	56940	42018	98958
m21026_251212_225317/100012786/ccs	56862	105866	49004
m21026_251212_225317/100142169/ccs	56812	194286	251098
m21026_251212_225317/100013545/ccs	56724	221362	278086
m21026_251212_225317/100143039/ccs	56662	156224	99562
m21026_251212_225317/100076673/ccs	56250	146277	90027
m21026_251212_225317/100013496/ccs	56243	3581	59824
m21026_251212_225317/100142360/ccs	56200	10362	66562
m21026_251212_225317/100078298/ccs	56174	211612	267786
m21026_251212_225317/100011417/ccs	55973	20891	76864
m21026_251212_225317/100011393/ccs	55800	136904	81104
m21026_251212_225317/100013444/ccs	55618	36051	91669
m21026_251212_225317/100012735/ccs	55609	136395	80786
m21026_251212_225317/100012708/ccs	55417	38106	93523
m21026_251212_225317/100076624/ccs	55193	153561	208754
m21026_251212_225317/100143353/ccs	55173	120508	65335
m21026_251212_225317/100077240/ccs	55117	136580	81463
m21026_251212_225317/100143282/ccs	55108	44212	99320
m21026_251212_225317/100012190/ccs	54872	143959	198831
m21026_251212_225317/100013341/ccs	54638	136373	81735
m21026_251212_225317/100078670/ccs	53799	189585	243384
m21026_251212_225317/100012534/ccs	53752	144941	91189
m21026_251212_225317/100078614/ccs	53746	126705	72959
m21026_251212_225317/100079468/ccs	53697	4745	58442
m21026_251212_225317/100144561/ccs	53666	122720	176386
m21026_251212_225317/100143358/ccs	53063	198695	251758
m21026_251212_225317/100144006/ccs	52823	149438	202261
m21026_251212_225317/100076762/ccs	52498	222229	274727
m21026_251212_225317/100142093/ccs	52363	225587	277950
m21026_251212_225317/100076612/ccs	52272	142234	89962
m21026_251212_225317/100077048/ccs	52262	205302	257564
m21026_251212_225317/100144552/ccs	51835	185328	237163
m21026_251212_225317/100012762/ccs	50974	171545	222519
m21026_251212_225317/100078961/ccs	50898	29601	80499
m21026_251212_225317/100078020/ccs	50761	134739	185500
m21026_251212_225317/100009501/ccs	50474	919230	969704
m21026_251212_225317/100011917/ccs	50428	161616	212044
m21026_251212_225317/100078676/ccs	50267	180968	231235
m21026_251212_225317/100142924/ccs	49969	134995	184964
m21026_251212_225317/100142192/ccs	49909	44016	93925
m21026_251212_225317/100008966/ccs	49886	910334	960220
m21026_251212_225317/100077258/ccs	49823	134774	184597
m21026_251212_225317/100011403/ccs	49629	115968	165597
m21026_251212_225317/100144488/ccs	49086	125166	174252
m21026_251212_225317/100013097/ccs	48933	104361	153294
m21026_251212_225317/100079005/ccs	48637	29000	77637
m21026_251212_225317/100078338/ccs	48565	230375	278940
m21026_251212_225317/100140437/ccs	48395	890937	939332
m21026_251212_225317/100012431/ccs	48270	148229	99959
m21026_251212_225317/100011505/ccs	48180	202452	250632
m21026_251212_225317/100144571/ccs	48077	133728	85651
m21026_251212_225317/100077057/ccs	47990	142618	94628
m21026_251212_225317/100144309/ccs	47976	103206	55230
m21026_251212_225317/100013306/ccs	47747	187332	235079
m21026_251212_225317/100143091/ccs	47655	131973	179628
m21026_251212_225317/100077172/ccs	46820	139974	186794
m21026_251212_225317/100142735/ccs	46714	227702	274416
m21026_251212_225317/100079433/ccs	46428	183345	229773
m21026_251212_225317/100012334/ccs	46353	138590	184943
m21026_251212_225317/100143224/ccs	45668	162803	208471
m21026_251212_225317/100012901/ccs	45626	52785	7159
m21026_251212_225317/100079189/ccs	45314	166338	211652
m21026_251212_225317/100013739/ccs	45066	184459	229525
m21026_251212_225317/100077558/ccs	45058	109214	64156
m21026_251212_225317/100076381/ccs	45056	888743	933799
m21026_251212_225317/100077735/ccs	44616	160267	204883
m21026_251212_225317/100011419/ccs	44446	27998	72444
m21026_251212_225317/100144499/ccs	43981	131783	175764
m21026_251212_225317/100144210/ccs	43959	35294	79253
m21026_251212_225317/100009824/ccs	43892	930875	974767
m21026_251212_225317/100013425/ccs	43685	209923	253608
m21026_251212_225317/100143618/ccs	43429	21064	64493
m21026_251212_225317/100143851/ccs	43266	12769	56035
m21026_251212_225317/100079447/ccs	42954	55396	98350
m21026_251212_225317/100143167/ccs	42949	46954	89903
m21026_251212_225317/100012447/ccs	42478	133895	91417
m21026_251212_225317/100076595/ccs	42407	110673	153080
m21026_251212_225317/100143751/ccs	42354	132945	175299
m21026_251212_225317/100012632/ccs	42305	163892	206197
m21026_251212_225317/100076682/ccs	41427	138399	96972
m21026_251212_225317/100012315/ccs	41278	230789	272067
m21026_251212_225317/100142965/ccs	41041	180296	221337
m21026_251212_225317/100143754/ccs	40932	228987	269919
m21026_251212_225317/100012348/ccs	40867	113892	154759
m21026_251212_225317/100012165/ccs	40824	240635	281459
m21026_251212_225317/100076882/ccs	40611	200041	240652
m21026_251212_225317/100142440/ccs	40586	196634	237220
m21026_251212_225317/100077400/ccs	40554	30269	70823
m21026_251212_225317/100012057/ccs	39116	156848	195964
m21026_251212_225317/100141926/ccs	39018	866349	905367
m21026_251212_225317/100076802/ccs	38758	43993	5235
m21026_251212_225317/100011854/ccs	38389	53610	91999
m21026_251212_225317/100011667/ccs	38338	138373	176711
m21026_251212_225317/100011883/ccs	38202	44055	5853
m21026_251212_225317/100143877/ccs	37929	129386	91457
m21026_251212_225317/100011771/ccs	37040	40641	77681
m21026_251212_225317/100077966/ccs	36727	129148	165875
m21026_251212_225317/100013800/ccs	36507	138968	175475
m21026_251212_225317/100012603/ccs	36018	131468	167486
m21026_251212_225317/100144420/ccs	35995	156019	192014
m21026_251212_225317/100012436/ccs	35985	178284	214269
m21026_251212_225317/100144266/ccs	35288	183512	218800
m21026_251212_225317/100011354/ccs	34791	248041	282832
m21026_251212_225317/100011366/ccs	34615	14851	49466
m21026_251212_225317/100013469/ccs	34556	41947	7391
m21026_251212_225317/100076839/ccs	34356	206999	241355
m21026_251212_225317/100078750/ccs	34322	169687	204009
m21026_251212_225317/100012181/ccs	34010	123384	89374
m21026_251212_225317/100077401/ccs	33913	55873	89786
m21026_251212_225317/100076569/ccs	33899	248544	282443
m21026_251212_225317/100012627/ccs	33586	199933	233519
m21026_251212_225317/100077604/ccs	33505	245301	278806
m21026_251212_225317/100013354/ccs	32487	120920	88433
m21026_251212_225317/100012881/ccs	32236	59465	91701
m21026_251212_225317/100013530/ccs	31868	145121	176989
m21026_251212_225317/100142628/ccs	31373	166480	197853
m21026_251212_225317/100143948/ccs	31147	248821	279968
m21026_251212_225317/100011707/ccs	30403	119359	88956
m21026_251212_225317/100079490/ccs	30351	103036	72685
m21026_251212_225317/100078569/ccs	30090	127087	157177
m21026_251212_225317/100011200/ccs	29984	114538	84554
m21026_251212_225317/100011323/ccs	29723	121437	151160
m21026_251212_225317/100078601/ccs	29480	111619	82139
m21026_251212_225317/100140659/ccs	29245	956973	986218
m21026_251212_225317/100076672/ccs	29144	126218	97074
m21026_251212_225317/100079124/ccs	29121	219132	248253
m21026_251212_225317/100011483/ccs	28513	40054	68567
m21026_251212_225317/100012999/ccs	28288	115749	144037
m21026_251212_225317/100144091/ccs	28253	250161	278414
m21026_251212_225317/100079334/ccs	28240	71193	99433
m21026_251212_225317/100079294/ccs	28179	166872	195051
m21026_251212_225317/100142780/ccs	27745	211990	239735
m21026_251212_225317/100078267/ccs	27692	100559	128251
m21026_251212_225317/100009735/ccs	27582	900531	928113
m21026_251212_225317/100011865/ccs	27548	186427	213975
m21026_251212_225317/100079263/ccs	27490	215700	243190
m21026_251212_225317/100142852/ccs	27368	23051	50419
m21026_251212_225317/100142645/ccs	27217	60578	87795
m21026_251212_225317/100143568/ccs	26820	194064	220884
m21026_251212_225317/100008344/ccs	26486	956231	982717
m21026_251212_225317/100143998/ccs	26272	45170	71442
m21026_251212_225317/100013698/ccs	25495	44233	69728
m21026_251212_225317/100142443/ccs	24908	46983	71891
m21026_251212_225317/100013324/ccs	24305	170592	194897
m21026_251212_225317/100078689/ccs	24029	192105	216134
m21026_251212_225317/100143379/ccs	23639	251778	275417
m21026_251212_225317/100142655/ccs	23619	101679	125298
m21026_251212_225317/100010336/ccs	23174	889940	913114
m21026_251212_225317/100143861/ccs	22860	260846	283706
m21026_251212_225317/100012357/ccs	22757	140235	162992
m21026_251212_225317/100013864/ccs	22572	109095	86523
m21026_251212_225317/100144410/ccs	22552	206907	229459
m21026_251212_225317/100078480/ccs	22543	73135	95678
m21026_251212_225317/100142227/ccs	22514	194731	217245
m21026_251212_225317/100078845/ccs	22281	257084	279365
m21026_251212_225317/100076548/ccs	21895	181127	203022
m21026_251212_225317/100076855/ccs	21657	11594	33251
m21026_251212_225317/100011775/ccs	21449	238391	259840
m21026_251212_225317/100142626/ccs	21340	64299	85639
m21026_251212_225317/100079055/ccs	21302	241087	262389
m21026_251212_225317/100013036/ccs	21214	39211	60425
m21026_251212_225317/100144267/ccs	21084	71091	92175
m21026_251212_225317/100142241/ccs	20944	77612	98556
m21026_251212_225317/100142184/ccs	20849	236965	257814
m21026_251212_225317/100139671/ccs	20841	883232	904073
m21026_251212_225317/100143089/ccs	20254	117296	97042
m21026_251212_225317/100077431/ccs	19744	207260	227004
m21026_251212_225317/100013671/ccs	19494	126271	145765
m21026_251212_225317/100014019/ccs	19417	25251	44668
m21026_251212_225317/100013163/ccs	19228	166040	185268
m21026_251212_225317/100011220/ccs	18864	173299	192163
m21026_251212_225317/100012673/ccs	18807	192724	211531
m21026_251212_225317/100013934/ccs	18741	22432	41173
m21026_251212_225317/100012453/ccs	18523	142193	160716
m21026_251212_225317/100012128/ccs	18331	12632	30963
m21026_251212_225317/100143262/ccs	18264	134807	153071
m21026_251212_225317/100143953/ccs	17914	231627	249541
m21026_251212_225317/100078846/ccs	17377	268904	286281
m21026_251212_225317/100011579/ccs	17196	25203	42399
m21026_251212_225317/100013047/ccs	17192	248619	265811
m21026_251212_225317/100013549/ccs	17119	105705	88586
m21026_251212_225317/100143947/ccs	17119	161802	178921
m21026_251212_225317/100011625/ccs	16656	246268	262924
m21026_251212_225317/100012745/ccs	16553	139541	156094
m21026_251212_225317/100013493/ccs	16435	264308	280743
m21026_251212_225317/100142620/ccs	16014	207183	223197
m21026_251212_225317/100142212/ccs	15977	194523	210500
m21026_251212_225317/100012171/ccs	15976	213668	229644
m21026_251212_225317/100143546/ccs	15809	203966	219775
m21026_251212_225317/100011499/ccs	15665	104083	119748
m21026_251212_225317/100078983/ccs	15191	19333	34524
m21026_251212_225317/100142746/ccs	15051	54159	69210
m21026_251212_225317/100141934/ccs	14720	920776	935496
m21026_251212_225317/100077596/ccs	14717	251962	266679
m21026_251212_225317/100012434/ccs	14709	269333	284042
m21026_251212_225317/100012988/ccs	14599	31561	46160
m21026_251212_225317/100078510/ccs	14583	247442	262025
m21026_251212_225317/100076427/ccs	14536	888654	903190
m21026_251212_225317/100143488/ccs	14386	260302	274688
m21026_251212_225317/100013742/ccs	14283	215185	229468
m21026_251212_225317/100078016/ccs	13534	176923	190457
m21026_251212_225317/100143925/ccs	13183	113303	126486
m21026_251212_225317/100143351/ccs	12757	243881	256638
m21026_251212_225317/100144233/ccs	12163	52779	64942
m21026_251212_225317/100013203/ccs	12090	131484	143574
m21026_251212_225317/100013531/ccs	11863	162795	174658
m21026_251212_225317/100013410/ccs	11795	107562	95767
m21026_251212_225317/100144053/ccs	11698	24553	36251
m21026_251212_225317/100010806/ccs	10858	877977	888835
m21026_251212_225317/100079056/ccs	10420	112342	122762
m21026_251212_225317/100011945/ccs	10320	177341	187661
m21026_251212_225317/100142100/ccs	10256	56817	67073
m21026_251212_225317/100078238/ccs	10193	257077	267270
m21026_251212_225317/100078704/ccs	10055	232191	242246
m21026_251212_225317/100079442/ccs	9923	144945	154868
m21026_251212_225317/100144532/ccs	9893	117627	127520
m21026_251212_225317/100144536/ccs	9869	269092	278961
m21026_251212_225317/100009052/ccs	9643	979972	989615
m21026_251212_225317/100076551/ccs	8192	269669	277861
m21026_251212_225317/100077353/ccs	8179	450	8629
m21026_251212_225317/100012217/ccs	8104	267994	276098
m21026_251212_225317/100079043/ccs	8074	224961	233035
m21026_251212_225317/100011603/ccs	7885	244332	252217
m21026_251212_225317/100013071/ccs	7868	31961	39829
m21026_251212_225317/100078208/ccs	7721	153183	160904
m21026_251212_225317/100013077/ccs	7498	188406	195904
m21026_251212_225317/100012292/ccs	7485	78392	85877
m21026_251212_225317/100079250/ccs	6682	79561	86243
m21026_251212_225317/100142517/ccs	6491	200290	206781
m21026_251212_225317/100077493/ccs	6478	265657	272135
m21026_251212_225317/100142569/ccs	6478	281994	288472
m21026_251212_225317/100011271/ccs	6274	155549	161823
m21026_251212_225317/100012272/ccs	6041	15023	8982
m21026_251212_225317/100078708/ccs	5968	226280	232248
m21026_251212_225317/100007988/ccs	5551	878008	883559
m21026_251212_225317/100141632/ccs	5452	893268	898720
m21026_251212_225317/100012399/ccs	5331	192602	197933
m21026_251212_225317/100012233/ccs	4973	233079	238052
m21026_251212_225317/100143815/ccs	4855	220177	225032
m21026_251212_225317/100013106/ccs	4732	44112	48844
m21026_251212_225317/100143575/ccs	4356	271630	275986
m21026_251212_225317/100012924/ccs	4045	229734	233779
m21026_251212_225317/100013551/ccs	3993	12722	8729
m21026_251212_225317/100077111/ccs	3824	163167	166991
m21026_251212_225317/100144407/ccs	3824	163168	166992
m21026_251212_225317/100077676/ccs	3819	278610	282429
m21026_251212_225317/100078233/ccs	3742	95552	99294
m21026_251212_225317/100143727/ccs	3666	27604	31270
m21026_251212_225317/100139683/ccs	3524	948112	951636
m21026_251212_225317/100141270/ccs	2903	914929	917832
m21026_251212_225317/100076132/ccs	2814	872212	875026
m21026_251212_225317/100077364/ccs	2641	284459	287100
m21026_251212_225317/100011832/ccs	2638	284404	287042
m21026_251212_225317/100142649/ccs	2521	284703	287224
m21026_251212_225317/100143283/ccs	2481	285185	287666
m21026_251212_225317/100011062/ccs	2401	26278	28679
m21026_251212_225317/100009402/ccs	2271	965385	967656
m21026_251212_225317/100078981/ccs	2149	285717	287866
m21026_251212_225317/100143037/ccs	2139	286746	288885
m21026_251212_225317/100013344/ccs	2055	285776	287831
m21026_251212_225317/100078773/ccs	1755	152783	154538
m21026_251212_225317/100077600/ccs	1720	118287	120007
m21026_251212_225317/100142740/ccs	1641	204452	206093
m21026_251212_225317/100141838/ccs	1065	979644	980709
m21026_251212_225317/100143805/ccs	933	88482	89415
m21026_251212_225317/100077772/ccs	886	188212	189098
m21026_251212_225317/100076793/ccs	814	203912	204726
m21026_251212_225317/100078921/ccs	588	74856	75444
m21026_251212_225317/100075717/ccs	573	875366	875939
m21026_251212_225317/100142574/ccs	156	288849	289005
m21026_251212_225317/100008034/ccs	------	912344	
m21026_251212_225317/100008122/ccs	------	867854	
m21026_251212_225317/100008161/ccs	------	983912	
m21026_251212_225317/100008202/ccs	------	939111	
m21026_251212_225317/100008214/ccs	------	949309	
m21026_251212_225317/100008373/ccs	------	954384	
m21026_251212_225317/100008389/ccs	------	921165	
m21026_251212_225317/100008396/ccs	------	957183	
m21026_251212_225317/100008414/ccs	------	995325	
m21026_251212_225317/100008440/ccs	------	950150	
m21026_251212_225317/100008547/ccs	------	872859	
m21026_251212_225317/100008582/ccs	------	967239	
m21026_251212_225317/100008654/ccs	------	976927	
m21026_251212_225317/100008698/ccs	------	947660	
m21026_251212_225317/100008753/ccs	------	897715	
m21026_251212_225317/100008815/ccs	------	905814	
m21026_251212_225317/100008876/ccs	------	905410	
m21026_251212_225317/100008942/ccs	------	935562	
m21026_251212_225317/100008950/ccs	------	981440	
m21026_251212_225317/100008965/ccs	------	864543	
m21026_251212_225317/100009061/ccs	------	911319	
m21026_251212_225317/100009063/ccs	------	876253	
m21026_251212_225317/100009137/ccs	------	945012	
m21026_251212_225317/100009157/ccs	------	938864	
m21026_251212_225317/100009174/ccs	------	961789	
m21026_251212_225317/100009180/ccs	------	973789	
m21026_251212_225317/100009226/ccs	------	923517	
m21026_251212_225317/100009243/ccs	------	988834	
m21026_251212_225317/100009256/ccs	------	896184	
m21026_251212_225317/100009287/ccs	------	994976	
m21026_251212_225317/100009303/ccs	------	965328	
m21026_251212_225317/100009353/ccs	------	900070	
m21026_251212_225317/100009391/ccs	------	864087	
m21026_251212_225317/100009396/ccs	------	957361	
m21026_251212_225317/100009427/ccs	------	904165	
m21026_251212_225317/100009437/ccs	------	935099	
m21026_251212_225317/100009486/ccs	------	979199	
m21026_251212_225317/100009552/ccs	------	945336	
m21026_251212_225317/100009601/ccs	------	918502	
m21026_251212_225317/100009688/ccs	------	924613	
m21026_251212_225317/100009710/ccs	------	934114	
m21026_251212_225317/100009737/ccs	------	862875	
m21026_251212_225317/100009772/ccs	------	918167	
m21026_251212_225317/100009780/ccs	------	902532	
m21026_251212_225317/100009797/ccs	------	973291	
m21026_251212_225317/100009804/ccs	------	878412	
m21026_251212_225317/100009923/ccs	------	882410	
m21026_251212_225317/100009962/ccs	------	975074	
m21026_251212_225317/100009968/ccs	------	879655	
m21026_251212_225317/100009990/ccs	------	913609	
m21026_251212_225317/100009997/ccs	------	868531	
m21026_251212_225317/100010007/ccs	------	890094	
m21026_251212_225317/100010041/ccs	------	940028	
m21026_251212_225317/100010043/ccs	------	975584	
m21026_251212_225317/100010072/ccs	------	951936	
m21026_251212_225317/100010087/ccs	------	918832	
m21026_251212_225317/100010094/ccs	------	914130	
m21026_251212_225317/100010203/ccs	------	888710	
m21026_251212_225317/100010214/ccs	------	874200	
m21026_251212_225317/100010227/ccs	------	907868	
m21026_251212_225317/100010265/ccs	------	993548	
m21026_251212_225317/100010372/ccs	------	938118	
m21026_251212_225317/100010382/ccs	------	955426	
m21026_251212_225317/100010402/ccs	------	932844	
m21026_251212_225317/100010406/ccs	------	868173	
m21026_251212_225317/100010417/ccs	------	970999	
m21026_251212_225317/100010429/ccs	------	998551	
m21026_251212_225317/100010533/ccs	------	873702	
m21026_251212_225317/100010552/ccs	------	976975	
m21026_251212_225317/100010715/ccs	------	945534	
m21026_251212_225317/100010734/ccs	------	964943	
m21026_251212_225317/100010754/ccs	------	921151	
m21026_251212_225317/100010770/ccs	------	873162	
m21026_251212_225317/100010883/ccs	------	900543	
m21026_251212_225317/100010964/ccs	------	958094	
m21026_251212_225317/100011191/ccs	------	52768	
m21026_251212_225317/100011312/ccs	------	167835	
m21026_251212_225317/100011638/ccs	------	80963	
m21026_251212_225317/100011677/ccs	------	223398	
m21026_251212_225317/100011766/ccs	------	220963	
m21026_251212_225317/100011979/ccs	------	262024	
m21026_251212_225317/100011982/ccs	------	204471	
m21026_251212_225317/100012027/ccs	------	263665	
m21026_251212_225317/100012150/ccs	------	71480	
m21026_251212_225317/100012245/ccs	------	31257	
m21026_251212_225317/100012295/ccs	------	267094	
m21026_251212_225317/100012561/ccs	------	105378	
m21026_251212_225317/100013316/ccs	------	215865	
m21026_251212_225317/100013325/ccs	------	254014	
m21026_251212_225317/100013390/ccs	------	2631	
m21026_251212_225317/100013461/ccs	------	279251	
m21026_251212_225317/100013575/ccs	------	101985	
m21026_251212_225317/100013927/ccs	------	197957	
m21026_251212_225317/100073525/ccs	------	985004	
m21026_251212_225317/100073562/ccs	------	995164	
m21026_251212_225317/100073569/ccs	------	945717	
m21026_251212_225317/100073584/ccs	------	982423	
m21026_251212_225317/100073639/ccs	------	967679	
m21026_251212_225317/100073656/ccs	------	893278	
m21026_251212_225317/100073657/ccs	------	985505	
m21026_251212_225317/100073684/ccs	------	895834	
m21026_251212_225317/100073830/ccs	------	875145	
m21026_251212_225317/100073867/ccs	------	931670	
m21026_251212_225317/100073909/ccs	------	933096	
m21026_251212_225317/100073997/ccs	------	868909	
m21026_251212_225317/100074015/ccs	------	999577	
m21026_251212_225317/100074016/ccs	------	975075	
m21026_251212_225317/100074111/ccs	------	959680	
m21026_251212_225317/100074211/ccs	------	878873	
m21026_251212_225317/100074217/ccs	------	907075	
m21026_251212_225317/100074258/ccs	------	873280	
m21026_251212_225317/100074289/ccs	------	890440	
m21026_251212_225317/100074327/ccs	------	864768	
m21026_251212_225317/100074331/ccs	------	997598	
m21026_251212_225317/100074358/ccs	------	929441	
m21026_251212_225317/100074516/ccs	------	983022	
m21026_251212_225317/100074544/ccs	------	893682	
m21026_251212_225317/100074603/ccs	------	920758	
m21026_251212_225317/100074617/ccs	------	871502	
m21026_251212_225317/100074630/ccs	------	920654	
m21026_251212_225317/100074639/ccs	------	915668	
m21026_251212_225317/100074720/ccs	------	863083	
m21026_251212_225317/100074723/ccs	------	883889	
m21026_251212_225317/100074800/ccs	------	949639	
m21026_251212_225317/100074821/ccs	------	917372	
m21026_251212_225317/100074823/ccs	------	896342	
m21026_251212_225317/100074837/ccs	------	952771	
m21026_251212_225317/100074853/ccs	------	886612	
m21026_251212_225317/100074996/ccs	------	910306	
m21026_251212_225317/100075014/ccs	------	961246	
m21026_251212_225317/100075051/ccs	------	924522	
m21026_251212_225317/100075084/ccs	------	943542	
m21026_251212_225317/100075102/ccs	------	980046	
m21026_251212_225317/100075131/ccs	------	870704	
m21026_251212_225317/100075153/ccs	------	905060	
m21026_251212_225317/100075230/ccs	------	892758	
m21026_251212_225317/100075263/ccs	------	956816	
m21026_251212_225317/100075307/ccs	------	897787	
m21026_251212_225317/100075344/ccs	------	905712	
m21026_251212_225317/100075356/ccs	------	951148	
m21026_251212_225317/100075362/ccs	------	954550	
m21026_251212_225317/100075401/ccs	------	917091	
m21026_251212_225317/100075444/ccs	------	899114	
m21026_251212_225317/100075470/ccs	------	887172	
m21026_251212_225317/100075498/ccs	------	880701	
m21026_251212_225317/100075517/ccs	------	948608	
m21026_251212_225317/100075521/ccs	------	936697	
m21026_251212_225317/100075559/ccs	------	862994	
m21026_251212_225317/100075648/ccs	------	924097	
m21026_251212_225317/100075695/ccs	------	977400	
m21026_251212_225317/100075696/ccs	------	962083	
m21026_251212_225317/100075697/ccs	------	913870	
m21026_251212_225317/100075745/ccs	------	978304	
m21026_251212_225317/100075746/ccs	------	982179	
m21026_251212_225317/100075757/ccs	------	895091	
m21026_251212_225317/100075784/ccs	------	932505	
m21026_251212_225317/100075807/ccs	------	869238	
m21026_251212_225317/100075875/ccs	------	986768	
m21026_251212_225317/100075878/ccs	------	940554	
m21026_251212_225317/100075879/ccs	------	885219	
m21026_251212_225317/100075880/ccs	------	911397	
m21026_251212_225317/100075916/ccs	------	903439	
m21026_251212_225317/100075987/ccs	------	882584	
m21026_251212_225317/100076003/ccs	------	944983	
m21026_251212_225317/100076016/ccs	------	921325	
m21026_251212_225317/100076039/ccs	------	908075	
m21026_251212_225317/100076073/ccs	------	919447	
m21026_251212_225317/100076087/ccs	------	928441	
m21026_251212_225317/100076106/ccs	------	986912	
m21026_251212_225317/100076123/ccs	------	903114	
m21026_251212_225317/100076127/ccs	------	894913	
m21026_251212_225317/100076133/ccs	------	959530	
m21026_251212_225317/100076138/ccs	------	986641	
m21026_251212_225317/100076144/ccs	------	963246	
m21026_251212_225317/100076219/ccs	------	889844	
m21026_251212_225317/100076242/ccs	------	910371	
m21026_251212_225317/100076321/ccs	------	954041	
m21026_251212_225317/100076344/ccs	------	872008	
m21026_251212_225317/100076429/ccs	------	889466	
m21026_251212_225317/100076489/ccs	------	918012	
m21026_251212_225317/100076496/ccs	------	985604	
m21026_251212_225317/100076497/ccs	------	937625	
m21026_251212_225317/100076534/ccs	------	915057	
m21026_251212_225317/100076708/ccs	------	153868	
m21026_251212_225317/100076987/ccs	------	171811	
m21026_251212_225317/100077152/ccs	------	152980	
m21026_251212_225317/100077212/ccs	------	58400	
m21026_251212_225317/100077273/ccs	------	41495	
m21026_251212_225317/100077901/ccs	------	34259	
m21026_251212_225317/100078109/ccs	------	71464	
m21026_251212_225317/100078140/ccs	------	191154	
m21026_251212_225317/100078215/ccs	------	25904	
m21026_251212_225317/100078319/ccs	------	141294	
m21026_251212_225317/100078450/ccs	------	17385	
m21026_251212_225317/100079060/ccs	------	245293	
m21026_251212_225317/100079171/ccs	------	92124	
m21026_251212_225317/100079385/ccs	------	207412	
m21026_251212_225317/100079496/ccs	------	56877	
m21026_251212_225317/100079544/ccs	------	157388	
m21026_251212_225317/100139059/ccs	------	896671	
m21026_251212_225317/100139074/ccs	------	970979	
m21026_251212_225317/100139195/ccs	------	897344	
m21026_251212_225317/100139271/ccs	------	948479	
m21026_251212_225317/100139316/ccs	------	949658	
m21026_251212_225317/100139399/ccs	------	995130	
m21026_251212_225317/100139410/ccs	------	900228	
m21026_251212_225317/100139415/ccs	------	969294	
m21026_251212_225317/100139448/ccs	------	870592	
m21026_251212_225317/100139473/ccs	------	864343	
m21026_251212_225317/100139492/ccs	------	947278	
m21026_251212_225317/100139501/ccs	------	967069	
m21026_251212_225317/100139523/ccs	------	896303	
m21026_251212_225317/100139553/ccs	------	884035	
m21026_251212_225317/100139558/ccs	------	863262	
m21026_251212_225317/100139653/ccs	------	963527	
m21026_251212_225317/100139664/ccs	------	968387	
m21026_251212_225317/100139669/ccs	------	960562	
m21026_251212_225317/100139676/ccs	------	900956	
m21026_251212_225317/100139690/ccs	------	959833	
m21026_251212_225317/100139742/ccs	------	972932	
m21026_251212_225317/100139745/ccs	------	931686	
m21026_251212_225317/100139766/ccs	------	893496	
m21026_251212_225317/100139784/ccs	------	925568	
m21026_251212_225317/100139792/ccs	------	904446	
m21026_251212_225317/100139797/ccs	------	940415	
m21026_251212_225317/100139858/ccs	------	914884	
m21026_251212_225317/100139867/ccs	------	935976	
m21026_251212_225317/100139891/ccs	------	949690	
m21026_251212_225317/100139966/ccs	------	968303	
m21026_251212_225317/100139973/ccs	------	891633	
m21026_251212_225317/100140021/ccs	------	884474	
m21026_251212_225317/100140056/ccs	------	934513	
m21026_251212_225317/100140089/ccs	------	901987	
m21026_251212_225317/100140090/ccs	------	988234	
m21026_251212_225317/100140208/ccs	------	939926	
m21026_251212_225317/100140212/ccs	------	998949	
m21026_251212_225317/100140213/ccs	------	926815	
m21026_251212_225317/100140249/ccs	------	988003	
m21026_251212_225317/100140250/ccs	------	937064	
m21026_251212_225317/100140255/ccs	------	874898	
m21026_251212_225317/100140280/ccs	------	880712	
m21026_251212_225317/100140327/ccs	------	882741	
m21026_251212_225317/100140360/ccs	------	969667	
m21026_251212_225317/100140386/ccs	------	997773	
m21026_251212_225317/100140458/ccs	------	899484	
m21026_251212_225317/100140469/ccs	------	999434	
m21026_251212_225317/100140477/ccs	------	874890	
m21026_251212_225317/100140545/ccs	------	994733	
m21026_251212_225317/100140626/ccs	------	939337	
m21026_251212_225317/100140636/ccs	------	958412	
m21026_251212_225317/100140650/ccs	------	978174	
m21026_251212_225317/100140652/ccs	------	902967	
m21026_251212_225317/100140674/ccs	------	914321	
m21026_251212_225317/100140808/ccs	------	929059	
m21026_251212_225317/100140874/ccs	------	892463	
m21026_251212_225317/100140936/ccs	------	954722	
m21026_251212_225317/100141010/ccs	------	939451	
m21026_251212_225317/100141023/ccs	------	892953	
m21026_251212_225317/100141040/ccs	------	897349	
m21026_251212_225317/100141054/ccs	------	944241	
m21026_251212_225317/100141122/ccs	------	994754	
m21026_251212_225317/100141141/ccs	------	962931	
m21026_251212_225317/100141173/ccs	------	887766	
m21026_251212_225317/100141191/ccs	------	919118	
m21026_251212_225317/100141214/ccs	------	929007	
m21026_251212_225317/100141304/ccs	------	862516	
m21026_251212_225317/100141313/ccs	------	883787	
m21026_251212_225317/100141314/ccs	------	890372	
m21026_251212_225317/100141352/ccs	------	988527	
m21026_251212_225317/100141354/ccs	------	996553	
m21026_251212_225317/100141427/ccs	------	979610	
m21026_251212_225317/100141446/ccs	------	869977	
m21026_251212_225317/100141449/ccs	------	990843	
m21026_251212_225317/100141482/ccs	------	985007	
m21026_251212_225317/100141540/ccs	------	917699	
m21026_251212_225317/100141649/ccs	------	950311	
m21026_251212_225317/100141659/ccs	------	906285	
m21026_251212_225317/100141667/ccs	------	964549	
m21026_251212_225317/100141678/ccs	------	887975	
m21026_251212_225317/100141703/ccs	------	976282	
m21026_251212_225317/100141705/ccs	------	938648	
m21026_251212_225317/100141773/ccs	------	976291	
m21026_251212_225317/100141798/ccs	------	912841	
m21026_251212_225317/100141874/ccs	------	993173	
m21026_251212_225317/100141913/ccs	------	984382	
m21026_251212_225317/100141959/ccs	------	975505	
m21026_251212_225317/100142016/ccs	------	879224	
m21026_251212_225317/100142046/ccs	------	987650	
m21026_251212_225317/100142114/ccs	------	159334	
m21026_251212_225317/100142410/ccs	------	248986	
m21026_251212_225317/100142445/ccs	------	228321	
m21026_251212_225317/100142692/ccs	------	228269	
m21026_251212_225317/100142750/ccs	------	237630	
m21026_251212_225317/100143128/ccs	------	199163	
m21026_251212_225317/100143230/ccs	------	176065	
m21026_251212_225317/100143306/ccs	------	80226	
m21026_251212_225317/100143390/ccs	------	176407	
m21026_251212_225317/100143527/ccs	------	26811	
m21026_251212_225317/100144191/ccs	------	280313	
m21026_251212_225317/100144317/ccs	------	70506	
m21026_251212_225317/100144393/ccs	------	151445	
m21026_251212_225317/100144401/ccs	------	12145	
m21026_251212_225317/100144583/ccs	------	178165	
